20835
15641
6055
19037
22732
12477
31331
22390
18140
1723
30491
18291
7605
510
10530
23595
7265
6077
23011
32303
31424
2976
15478
23048
8645
5924
1905
25279
13282
8256
24833
23971
31169
17225
20793
23366
1845
13331
11945
16841
11376
14937
14643
19545
1910
19806
22298
9210
18898
4821
10332
30083
1671
17662
25666
10474
7241
17427
13621
7618
4077
22242
1747
4354
27423
24251
31298
4104
29523
652
29892
7390
19710
5451
31884
26555
24325
15252
22481
16845
2677
5268
8736
11573
2678
27173
19446
11860
4218
11322
14478
16965
28858
15230
28152
7850
29411
18232
2923
7852
6924
17010
31196
317
32492
13402
2767
23712
31562
26600
31086
27436
23988
16065
472
5453
22132
11100
699
23755
18112
5731
23845
3407
16177
13148
1687
22051
17015
2184
348
12601
8266
11787
12056
15215
31907
2126
12708
25105
22317
418
19993
2463
9974
1830
1579
4561
24171
19690
23481
23257
27523
7508
29345
12264
2106
14275
1241
15091
28481
627
23740
26039
18676
5025
18849
19451
25740
21999
17074
8981
4502
19465
11260
15023
11684
14217
29122
31435
14914
10008
28183
773
3883
12246
19628
20248
31933
22013
24806
1188
29355
26817
8755
20015
32498
21882
17055
26473
14606
13828
5026
16052
28013
7782
11580
20451
7460
28083
2884
7234
9697
9774
5374
25559
9760
4273
17131
1000
29090
12112
22245
7870
10779
17209
23147
28840
20524
27102
22329
30274
24720
5463
32283
18422
20890
25601
12292
20164
1247
7020
7514
13887
304
19060
28565
16344
2251
22189
12552
23391
24529
30981
26366
10439
22267
28068
4617
18218
28297
23319
2199
5388
9596
13486
24518
17892
18693
7202
22138
28889
22589
1659
30380
31945
20502
10289
24837
3471
29586
27794
30379
22150
25651
31843
21851
30281
7858
6090
22968
16317
12276
18284
7138
5202
13881
10450
6731
13189
663
23057
1734
9130
28327
18602
27105
6120
14974
26543
4213
30597
1758
4391
30587
27235
16302
5812
10785
3787
2728
17779
17950
15466
3666
24868
6722
30873
9519
23179
4945
32738
20790
17685
27409
2239
899
20415
19874
9124
3149
17716
26894
23616
18200
22325
6945
1
22315
14654
12667
11734
2117
20071
28643
4920
10124
28296
20702
31339
26822
1696
13440
3585
11211
6264
29059
30113
13882
23939
31894
12294
13676
4361
6647
20042
7334
9604
19780
29797
13203
26955
31631
17137
26865
24173
29616
3632
15754
18912
20703
1615
23398
15835
27522
13548
11583
9088
19523
29655
2613
1982
21862
16661
18883
12150
5721
5163
21490
14044
32141
6297
460
16417
23685
29092
25108
30031
29229
27480
13876
24948
28524
15566
15223
25858
10748
16299
5240
18806
29050
16617
26331
14392
15033
20186
314
6338
5468
10345
7522
6661
8100
12708
4800
27400
27782
4471
3350
26323
4097
23738
7026
14219
17838
29295
11105
13534
26009
27972
17504
418
6991
20064
6035
11448
4920
17755
14266
22839
4647
14734
3424
12742
11056
30862
23381
11082
1978
11763
26463
23234
30164
2142
6957
25198
12493
12218
12684
14903
6142
28865
17374
22347
18411
16834
19399
30472
18827
1186
27945
4379
19427
10786
7251
13545
7130
6751
29813
22062
20040
1695
21079
19683
20560
2122
1867
3174
20976
12599
14433
21973
16086
28969
15833
27066
14709
29850
5854
31982
19545
24759
17777
29879
17847
4267
9891
11828
29001
14368
6919
21755
9304
3843
4967
3328
20507
27272
21942
29625
3647
26479
3654
15487
23495
2437
315
27704
30230
29805
28736
30771
3658
8608
2168
19539
18124
14259
27831
31856
12069
26329
12275
9466
12820
28328
21493
16095
10717
12576
8276
27311
3811
30441
26020
30463
29817
18652
235
9739
18422
709
13140
30367
1543
871
8744
29751
23114
7617
4857
21093
23832
12176
14369
22387
25506
277
8555
23113
5695
21016
9487
22418
16644
14381
21732
25115
4758
12854
21457
29307
15676
5417
8068
23033
11832
13844
8807
23722
20312
30046
8656
14042
1736
3919
23673
4525
26922
21970
27951
11014
20968
14202
17870
13480
21961
14276
22124
11932
17347
15516
13525
16594
10257
21794
22584
22539
1413
23981
15647
2549
14622
9488
1444
1176
15325
30493
27106
3314
14037
12392
3243
20702
7554
16206
2169
4155
16987
13877
18598
24905
6570
21268
735
5206
7836
8247
25814
31387
3732
4668
18999
5217
28357
18274
3806
27240
4096
19459
20807
5768
1226
2142
14661
16281
15794
15258
5879
3217
16354
10248
28152
21228
10739
21673
16599
1105
31494
2032
12487
8050
20496
24520
17815
10292
2933
10969
29156
27408
6873
26375
10125
4024
20274
2364
4199
16126
31522
29288
16178
24562
19333
13766
27852
12363
3654
5216
5541
15369
23414
20949
2931
30808
21663
18010
20263
1462
28245
20991
18207
23896
30735
5428
9629
28106
22069
4747
4984
27351
8826
7615
29457
21672
9836
15350
20361
31280
25673
22851
19505
31431
8725
30575
10306
2836
10985
14841
10959
305
14990
29531
2807
27658
18251
6031
10335
14854
7674
14290
10208
13034
1121
27560
18556
18682
21952
19232
1175
1377
19879
24153
21347
5074
29962
9797
7837
12656
26007
8877
16503
747
22343
31093
7637
5612
11316
8994
12475
4532
28330
16537
5894
23296
30080
32297
31067
12079
8873
10188
24158
31398
28678
21162
15908
28276
15998
16351
27114
6450
6993
23678
7175
1837
28585
726
17439
11720
20083
24820
25498
9755
21612
10345
3668
31456
20095
27469
25494
3472
6734
19075
4934
22217
29967
22847
17242
1523
11417
22982
27026
17443
26302
14197
28007
7743
29404
25093
9791
23140
22959
28173
2530
15492
8041
7880
7985
32340
27653
15641
2326
32357
3544
24524
15799
27280
2665
2335
15855
27032
12674
15745
24830
2059
26247
30617
2175
27753
5127
7562
20635
5768
32145
23414
4221
11831
25545
1857
16133
9506
11962
29079
4033
12278
4718
18480
23577
23237
25020
27986
11465
15531
866
26776
30613
3762
15700
21747
25911
10739
19027
28654
13213
12542
28096
11830
2129
26748
31155
31065
18233
787
31560
31438
16768
25738
313
6198
20692
8238
12466
1249
13010
13940
7264
3220
14526
21983
4556
31625
8056
8996
20711
18360
9131
19597
25061
24405
9800
27803
32079
16538
30003
32751
14932
16070
3132
29290
30561
6246
